333333333333333333333333333333
333333333333303333333333333333
333333333333300033333333333333
333333333333003300333333333333
333333333333030033003333333333
333333333333033300330033333333
333333333330000333303300333333
333333333330303033333003003333
333333333330300330033333030033
333333333300303030303333330033
333333333300300330033030330333
333333333303333330303003300333
333333333003333330033033300333
333333333100033333333003003333
333333300300000333333030003333
333333033333011020333333003333
333300330033332110203330033333
333033003330033321102030033333
303333333333333333310020033333
302200333003330033333000333333
300222300333003330030332033333
333002222333333333333220333333
333330022200333003322033333333
333333300222200333220333333333
333333330002222322203333333333
333333333300022220333333333333
333333333333000203333333333333
333333333333330333333333333333
333333333333333333333333333333
333333333333333333333333333333
